1
2
3
4
5
6
7
8
9
10
11
12
13
14
15
16
17
18
19
20
21
22
23
24
25
26
27
28
29
30
31
32
33
34
35
36
37
38
39
40
41
42
43
44
45
46
47
48
49
50
51
52
53
54
55
56
57
58
59
60
61
62
63
64
65
66
67
68
69
70
71
72
73
74
75
76
77
78
79
80
81
82
83
84
85
86
87
88
89
90
91
92
93
94
95
96
97
98
99
100
101
102
103
104
105
106
107
108
109
110
111
112
113
114
115
116
117
118
119
120
121
122
123
124
125
126
127
128
129
130
131
132
133
134
135
136
137
138
139
140
141
142
143
144
145
146
151
152
153
154
155
156
157
158
159
160
161
162
163
164
165
166
167
168
169
170
171
172
173
174
175
176
179
181
182
183
184
185
186
187
188
189
190
191
192
193
194
195
196
197
198
199
200
201
202
203
204
205
206
207
208
209
210
211
212
213
214
215
216
217
218
219
220
221
222
223
224
225
226
227
228
229
230
231
232
233
234
235
236
237
238
239
240
241
242
243
244
245
246
247
248
249
250
251
252
253
254
255
256
257
258
259
260
261
262
263
264
265
266
267
268
269
270
271
272
273
274
275
276
277
278
279
280
281
282
283
284
285
286
287
288
289
290
291
292
293
294
295
296
297
298
299
300
301
302
303
304
305
306
307
308
309
310
311
312
313
314
315
316
317
318
319
320
321
322
323
324
325
326
327
328
329
330
331
332
333
334
335
336
337
338
339
340
341
342
343
344
345
346
347
348
349
350
351
352
353
354
355
356
357
358
359
360
361
362
363
364
365
366
367
370
373
376
379
382
385
388
391
394
397
400
403
406
409
412
415
418
421
424
427
430
433
436
439
442
445
448
451
454
457
460
463
466
469
472
475
478
481
484
487
490
493
495
498
501
504
507
510
513
516
519
522
525
528
531
534
537
540
543
546
549
552
555
558
561
564
567
570
573
576
579
582
585
588
591
594
597
600
603
606
609
612
615
618
621
624
627
630
633
636
639
642
645
648
651
654
657
660
663
666
669
672
675
678
681
684
687
690
693
696
699
702
705
710
713
716
719
722
725
728
731
734
737
740
741
743
745
748
751
754
757
760
763
766
769
772
774
775
777
778
781
784
787
790
793
796
799
802
805
808
811
814
817
820
823
826
829
832
835
838
841
844
847
850
853
856
858
861
864
867
870
873
874
877
880
883
886
889
892
895
898
901
904
907
910
913
916
919
922
925
928
931
933
934
935
938
941
944
947
950
953
956
959
962
965
970
973
980
983
986
989
992
995
998
1001
1004
1007
1010
1013
1016
1019
1022
1025
1028
1031
1034
1037
1040
1043
1046
1049
1052
1055
1058
1061
1064
1067
1070
1073
1076
1079
1082
1085
1088
1091
1094
1097
1100
1103
1106
1109
1112
1115
1118
1121
1124
1127
1130
1133
1136
1139
1142
1145
1148
1151
1154
1157
1160
1163
1166
1169
1172
1175
1178
1181
1184
1187
1190
1193
1196
1199
1202
1205
1208
1211
1214
1217
1220
1223
1226
1229
1230
1233
1236
1239
1242
1245
1247
1250
1252
1255
1257
1259
1261
1263
1266
1268
1271
1274
1277
1279
1282
1285
1288
1291
1294
1297
1300
1303
1306
1309
1311
1313
1316
1319
1321
1322
1323
1324
1325
1328
1331
1334
1337
1340
1343
1346
1348
1350
1353
1356
1357
1360
1363
1366
1367
1370
1373
1376
1378
1381
1384
1385
1388
1390
1393
1394
1395
1398
1401
1404
1407
1409
1411
1414
1417
1420
1423
1425
1426
1429
1432
1435
1438
1441
1444
1447
1450
1453
1456
1459
1462
1465
1468
1471
1474
1476
1479
1482
1485
1488
1491
1494
1497
1500
1502
1511
1514
1517
1520
1523
1526
1529
1532
1535
1538
1541
1544
1547
1550
1553
1556
1559
1561
1563
1566
1569
1572
1575
1578
1581
1584
1587
1590
1593
1596
1599
1602
1605
1607
1610
1613
1616
1619
1622
1625
1628
1631
1634
1637
1640
1643
1646
1649
1652
1655
1658
1661
1664
1667
1670
1673
1676
1679
1682
1684
1686
1689
1691
1693
1697
1699
1701
1703
1706
1708
1710
1713
1714
1717
1720
1723
1725
1728
1731
1734
1737
1747
1750
1753
1756
1759
1762
1765
1768
1771
1774
1777
1780
1783
1786
1789
1792
1794
1796
1799
1801
1804
1807
1810
1813
1816
1819
1822
1825
1828
1831
1834
1837
1840
1843
1844
1847
1850
1852
1855
1858
1861
1864
1867
1870
1873
1876
1879
1885
1888
1891
1894
1897
1900
1903
1906
1909
1911
1914
1917
1921
1924
1927
1930
1933
1936
1939
1942
1945
1948
1951
1954
1957
1959
1961
1964
1967
1970
1974
1978
1982
1986
1990
1993
1996
1999
2002
2005
2008
2011
2014
2017
2020
2023
2026
2027
2028
2029
2032
2036
2038
2041
2044
2047
2050
2053
2060
2061
2062
2063
2064
2065
2066
2067
2068
2069
2070
2071
2072
2073
2074
2075
2076
2077
2078
2079
2080
2081
2082
2083
2084
2085
2086
2087
2088
2089
2090
2091
2092
2093
2094
2095
2096
2097
2098
2099
2100
2101
2102
2103
2104
2105
2106
2107
2108
2109
2110
2111
2112
2113
2114
2115
2116
2117
2118
2119
2120
2121
2122
2123
2124
2125
2126
2127
2128
2129
2130
2131
2132
2133
2134
2135
2136
2137
2138
2139
2140
2141
2142
2151
2152
2153
2154
2155
2156
2157
2158
2159
2160
2161
2162
2163
2164
2165
2166
2167
2168
2169
2170
2171
2172
2173
2174
2175
2176
2177
2178
2179
2181
2182
2183
2184
2185
2186
2187
2188
2189
2190
2191
2192
2193
2194
2195
2196
2197
2198
2199
2200
2201
2202
2203
2204
2205
2206
2207
2208
2209
2210
2211
2212
2213
2214
2215
2216
2217
2218
2219
2220
2221
2222
2223
2224
2225
2226
2227
2228
2229
2230
2231
2232
2233
2234
2235
2236
2237
2238
2239
2240
2241
2242
2243
2244
2245
2246
2247
2248
2249
2250
2251
2252
2253
2255
2256
2257
2258
2259
2260
2261
2262
2263
2264
2265
2267
2268
2269
2270
2271
2272
2273
2274
2275
2276
2277
2278
2279
2281
2282
2283
2284
2285
2286
2287
2288
2289
2291
2292
2293
2294
2295
2297
2298
2299
2300
2301
2302
2303
2304
2305
2306
2307
2308
2309
2310
2311
2312
2313
2314
2315
2316
2317
2318
2319
2320
2321
2322
2323
2324
2326
2327
2329
2330
2331
2332
2335
2338
2341
2342
2343
2344
2345
2346
2347
2348
2349
2350
2351
2354
2355
2357
2358
2359
2361
2362
2363
2364
2365
2367
2369
2370
2372
2373
2374
2376
2377
2378
2381
2382
2383
2384
2385
2387
2388
2389
2390
2391
2392
2394
2396
2397
2398
2399
2402
2403
2404
2405
2406
2407
2409
2410
2411
2412
2413
2414
2415
2416
2417
2419
2420
2421
2422
2423
2424
2425
2428
2429
2430
2432
2435
2437
2438
2440
2441
2444
2445
2448
2450
2452
2453
2454
2457
2459
2461
2464
2465
2468
2471
2472
2473
2474
2475
2476
2477
2478
2481
2482
2483
2484
2487
2490
2493
2494
2495
2496
2497
2499
2500
2503
2504
2505
2506
2507
2508
2509
2510
2511
2512
2514
2517
2518
2519
2521
2522
2524
2525
2526
2527
2529
2530
2531
2532
2533
2534
2535
2536
2538
2540
2542
2543
2544
2545
2548
2550
2551
2553
2554
2555
2556
2557
2558
2559
2560
2561
2562
2563
2564
2565
2567
2568
2569
2570
2571
2572
2573
2574
2575
2576
2577
2578
2579
2580
2581
2582
2584
2585
2586
2587
2588
2589
2590
2591
2592
2593
2594
2596
2597
2598
2599
2600
2602
2603
2605
2606
2607
2608
2609
2610
2611
2612
2613
2614
2615
2616
2617
2618
2619
2620
2621
2622
2623
2625
2626
2627
2628
2629
2631
2632
2633
2634
2635
2636
2637
2638
2639
2642
2644
2645
2646
2647
2648
2649
2651
2652
2653
2654
2657
2658
2659
2660
2661
2662
2663
2664
2666
2668
2670
2671
2672
2673
2674
2675
2676
2677
2678
2679
2680
2681
2682
2683
2684
2685
2686
2687
2688
2689
2690
2691
2692
2693
2694
2697
2698
2699
2700
2701
2702
2703
2704
2705
2708
2710
2713
2716
2717
2720
2722
2724
2726
2727
2730
2731
2732
2733
2734
2735
2736
2737
2738
2740
2741
2742
2743
2744
2745
2746
2747
2748
2749
2750
2752
2753
2754
2755
2756
2758
2759
2760
2761
2763
2764
2766
2767
2768
2771
2772
2773
2774
2775
2777
2778
2779
2780
2782
2785
2786
2787
2788
2789
